-178.8629625900102 -153.666632179677 50.46487103694667 39.11796254634512 206.0968591656485 -111.2593986006918 -154.53746437294606 170.26674101121972 81.40712009419417 59.935881487325325 -311.17246108657326 -335.7386293058754 476.42612400325925 98.09433699194149 429.8132767459256 -1.8939194654775187 89.01475163089297 338.00015301962424 -597.450294549135 377.7304528087504 857.3779794203779 -3196.0226477103106 
-20.81940700842068 12.167803770829028 32.57225864713659 148.8066062810293 -13.689387029723527 -170.95295143407293 -109.35768725256249 32.86472818701138 283.68598593981733 40.60239618030152 -313.7920115377587 -1.2334215330936864 168.9033338545658 -40.71983816269632 301.77338998331237 74.26063221399747 -20.408932337252736 418.69897543738335 162.23325052980917 55.383471991453824 1377.5608658067617 -2022.1646205393477 
-148.13185073216496 338.9670560211123 -171.38380472777308 35.0841964159994 -277.2346264374888 -454.74889857327173 -172.41486982383168 -199.81743056713023 285.9102550306593 80.57279265640207 -19.580730533716526 203.72282385769233 259.64634445548353 385.06673746086426 61.16647720438379 447.2261339037926 -118.03600867072791 710.1472814422096 3.2587625310215174 426.14463795596475 836.6637698297096 -2358.016919881607 
-178.14188252973923 225.88134314177907 -199.19263136876975 143.50901450831344 -156.15107570760233 -137.2424815236028 -186.394094967351 64.79434716279798 162.0809952257836 9.922812914672463 -216.78638304944658 51.63445948562816 448.79827208407056 210.21625412789703 280.1719852573728 314.63112671514835 -3.1957608387537215 317.3939053694446 -113.56267022035672 618.3340028412408 1449.5229650420222 -1995.4674784361341 
-121.72149536370307 150.41940056641425 -11.16994929835462 28.97736359838193 86.59922140703974 -135.80006607879696 -149.4097981276934 9.339801163190753 129.95128330141884 65.1644058992474 23.379555107477717 -154.41391363860313 575.7038667519074 314.91624663819397 480.63508917199255 162.2192487265544 22.9860652588143 680.456445167917 -670.5809995115864 828.9446450539025 1318.164153047208 -3093.043384521383 
-115.77235587272503 169.02960585815777 -282.1642370615467 149.34366658058065 255.14135295062619 -117.81402730489513 -131.06467717861747 -73.28703880920327 41.399874002745506 115.58824572973059 -283.1464115726945 -149.68128681027514 348.58468638220825 630.3228374335769 668.333840939494 133.58360733153035 -33.767176694315026 808.707228347598 -254.517813895084 859.9782194080425 1943.9658600069713 -3860.336337938879 
-174.05790603034578 197.62035592488593 -135.94377267649972 101.87502706160262 -35.75046605790254 -78.43766033256259 -83.6064632506651 143.62428228582397 384.27947867664136 112.52099364870561 15.209847574423197 -200.95969006191436 517.6673373897845 585.3266738451968 594.5056847036778 468.89844714573013 200.01013137766338 1160.9585251536378 -871.567137340738 1159.452266167035 2738.5952016791307 -4076.487236838607 
-5.245312719689757 161.6719901848646 -62.0785789411675 71.19106832440374 27.6924027541205 -91.9104727680212 -50.55655741213816 -41.41729069661188 232.97287208568886 144.36797821085148 -50.024276534894454 -106.01119423806755 367.81169204654077 486.2725917086626 407.7953445945666 93.51425737169464 -55.33739249153335 831.9366127770303 -157.41377613128472 805.1817909227759 1388.7546171959848 -2967.9471469797213 
-214.8863202195521 255.86894249106481 -132.1258025450741 -14.693443740127835 -179.29508533422003 -178.6680011877632 -102.94336895838973 -113.87456026049448 136.22287696193797 26.688327739986246 76.53528767657491 -189.65798308971762 426.8202985758874 409.1320949389686 385.54247871154274 523.385214665624 62.48459970744887 759.7180258160625 26.94684350170421 474.4823579236818 1348.1486982962929 -2466.4988454530126 
-207.11962556956527 -151.23163247604157 -74.86198997703681 603.781831132347 24.936225233737183 58.530654444782705 -105.4583805660597 65.26714481018868 123.44264279608826 363.46507928578336 -425.93520610995233 218.86147890574205 288.3388378414657 -34.968498060678684 350.7220657693944 -345.1738812984317 328.5217465022753 563.9813180990561 -151.95937979340272 123.57085769827796 1336.870899696288 -2392.3363505405723 
-178.8629625900102 -153.666632179677 50.46487103694667 39.11796254634512 206.0968591656485 -111.2593986006918 -154.53746437294606 170.26674101121972 81.40712009419417 59.935881487325325 -311.17246108657326 -335.7386293058754 476.42612400325925 98.09433699194149 429.8132767459256 -1.8939194654775187 89.01475163089297 338.00015301962424 -597.450294549135 377.7304528087504 857.3779794203779 -3196.0226477103106 
-20.81940700842068 12.167803770829028 32.57225864713659 148.8066062810293 -13.689387029723527 -170.95295143407293 -109.35768725256249 32.86472818701138 283.68598593981733 40.60239618030152 -313.7920115377587 -1.2334215330936864 168.9033338545658 -40.71983816269632 301.77338998331237 74.26063221399747 -20.408932337252736 418.69897543738335 162.23325052980917 55.383471991453824 1377.5608658067617 -2022.1646205393477 
-148.13185073216496 338.9670560211123 -171.38380472777308 35.0841964159994 -277.2346264374888 -454.74889857327173 -172.41486982383168 -199.81743056713023 285.9102550306593 80.57279265640207 -19.580730533716526 203.72282385769233 259.64634445548353 385.06673746086426 61.16647720438379 447.2261339037926 -118.03600867072791 710.1472814422096 3.2587625310215174 426.14463795596475 836.6637698297096 -2358.016919881607 
-178.14188252973923 225.88134314177907 -199.19263136876975 143.50901450831344 -156.15107570760233 -137.2424815236028 -186.394094967351 64.79434716279798 162.0809952257836 9.922812914672463 -216.78638304944658 51.63445948562816 448.79827208407056 210.21625412789703 280.1719852573728 314.63112671514835 -3.1957608387537215 317.3939053694446 -113.56267022035672 618.3340028412408 1449.5229650420222 -1995.4674784361341 
-121.72149536370307 150.41940056641425 -11.16994929835462 28.97736359838193 86.59922140703974 -135.80006607879696 -149.4097981276934 9.339801163190753 129.95128330141884 65.1644058992474 23.379555107477717 -154.41391363860313 575.7038667519074 314.91624663819397 480.63508917199255 162.2192487265544 22.9860652588143 680.456445167917 -670.5809995115864 828.9446450539025 1318.164153047208 -3093.043384521383 
-115.77235587272503 169.02960585815777 -282.1642370615467 149.34366658058065 255.14135295062619 -117.81402730489513 -131.06467717861747 -73.28703880920327 41.399874002745506 115.58824572973059 -283.1464115726945 -149.68128681027514 348.58468638220825 630.3228374335769 668.333840939494 133.58360733153035 -33.767176694315026 808.707228347598 -254.517813895084 859.9782194080425 1943.9658600069713 -3860.336337938879 
-174.05790603034578 197.62035592488593 -135.94377267649972 101.87502706160262 -35.75046605790254 -78.43766033256259 -83.6064632506651 143.62428228582397 384.27947867664136 112.52099364870561 15.209847574423197 -200.95969006191436 517.6673373897845 585.3266738451968 594.5056847036778 468.89844714573013 200.01013137766338 1160.9585251536378 -871.567137340738 1159.452266167035 2738.5952016791307 -4076.487236838607 
-5.245312719689757 161.6719901848646 -62.0785789411675 71.19106832440374 27.6924027541205 -91.9104727680212 -50.55655741213816 -41.41729069661188 232.97287208568886 144.36797821085148 -50.024276534894454 -106.01119423806755 367.81169204654077 486.2725917086626 407.7953445945666 93.51425737169464 -55.33739249153335 831.9366127770303 -157.41377613128472 805.1817909227759 1388.7546171959848 -2967.9471469797213 
-214.8863202195521 255.86894249106481 -132.1258025450741 -14.693443740127835 -179.29508533422003 -178.6680011877632 -102.94336895838973 -113.87456026049448 136.22287696193797 26.688327739986246 76.53528767657491 -189.65798308971762 426.8202985758874 409.1320949389686 385.54247871154274 523.385214665624 62.48459970744887 759.7180258160625 26.94684350170421 474.4823579236818 1348.1486982962929 -2466.4988454530126 
-207.11962556956527 -151.23163247604157 -74.86198997703681 603.781831132347 24.936225233737183 58.530654444782705 -105.4583805660597 65.26714481018868 123.44264279608826 363.46507928578336 -425.93520610995233 218.86147890574205 288.3388378414657 -34.968498060678684 350.7220657693944 -345.1738812984317 328.5217465022753 563.9813180990561 -151.95937979340272 123.57085769827796 1336.870899696288 -2392.3363505405723 
