183.3500675214572 470.92301469603325 9.490249593157897 253.46003254388216 -336.45111001186376 -463.1047894754938 -97.77772145672733 -14.937854280343716 434.849638219211 442.74405705165094 329.8213240340924 208.33666785535715 501.8051295951135 -156.37693820611437 -133.53126923351104 365.45121043127403 -193.7546805973741 624.4327999352288 55.322397570373546 1475.8850508153616 1316.1939699511624 -3996.9880705094447 
-43.225757628198785 268.1969060576241 0.06100851105291216 243.61199737075174 -334.5416710834344 -80.65587737401727 78.16613216658703 7.897090434562541 299.02180278725973 -161.94755216251858 541.6528952509731 398.82196291303126 503.8209129289352 395.60693501219845 5.0309694011800845 -158.59334363082252 40.41595117223781 1070.9660299323775 542.0792825977821 1609.4939086898225 822.4168398389792 -2483.7648247555967 
-79.43606059931153 480.6999151286688 -153.78417117000515 -155.6917465993981 -316.4838606565864 -262.37349275217855 -50.51906802887607 -79.4755731796525 300.92465030313673 -247.35327359358294 476.1846484104783 414.81957134033803 211.76956471056843 428.62138698463104 189.15882143382083 378.2014438343606 231.3458874612099 569.3038522287803 5.770321889211829 1492.9659140239598 639.3539327981853 -2249.8204799044574 
82.9399675017896 274.85293054012214 -101.35636191980103 257.536602555723 -175.1623803320868 -363.9277147755037 -305.0402954873455 130.3333194975648 283.353446352725 -52.954149999487186 254.64172832031383 155.8143560080021 329.1090549213695 -279.40660516720305 141.98505310263363 486.2993745422883 -464.085498594319 940.267981465803 252.12176702702735 1759.1278505634873 727.5808714158167 -3137.0886429405764 
-68.02286250413512 429.64041939926614 -29.369378445039878 1.9752889135320406 -380.3765713963718 -256.12500471090533 -313.9141644089248 -48.42811110174189 310.3371094892438 139.46663767610187 147.5178232934601 670.6814300348668 82.54046586326757 295.81108459372115 221.36583077481038 226.84412751975137 202.7363207112933 956.2529136632452 506.8726288968568 1003.0807041981569 828.974860094457 -2246.779484888417 
46.91271796660429 480.6180296490727 76.0476208848844 69.83470777753274 -239.44662582259448 -126.53550050924105 -200.47397717466126 -158.18045767114234 64.804822476372 -76.02623483449263 214.51456368159958 -7.143648011916479 52.980960262401624 252.76029620623098 172.41955646280275 192.51627536802437 334.0620189161594 866.7369461736993 -668.5813073036173 1324.1763807228272 882.5135727053885 -2383.8206517370227 
-60.95692156324787 354.28469795700045 -128.14039713226123 -81.98170335425458 -200.97424799709864 -78.47130480276734 -190.77505951731484 19.34083850840952 222.27082148573723 -114.43520317218939 474.16062764515414 312.9611316723937 116.30506400016755 137.7019903146527 215.3261128592724 -249.9184039852036 210.64638513383682 501.89642895715286 39.94967927069679 1369.902463910469 963.6269412164854 -1959.2689875805434 
-22.16671308129838 232.31202174356997 -486.7975627182584 110.56971764038525 -298.7405465460112 -238.6343646163218 269.67712337108094 61.03171809380665 243.0894331175929 -4.3367029073741525 237.1395022211497 127.19062371119665 386.0891226139569 627.8483706222341 615.3305915628088 407.2575957775138 781.2120169284187 743.4399766892905 94.16448412290814 1743.0587919874968 915.6642090774243 -1766.484322282806 
-228.29420290213363 485.14735302985287 -65.3466366054127 -150.36754669779165 -141.92163970361807 -218.79152538385407 80.30784314008372 -82.73259981543218 281.6598066557937 -209.28468742183432 274.06568001219813 591.735106221045 369.0947221218896 59.83390050684747 284.87885848509984 373.9307083173558 239.67689664342603 1115.1134974277782 -404.4505130275458 1223.0317620220796 838.8981344015357 -2266.5341517891566 
59.04191582647691 273.452905544354 -130.06152712878898 -190.22980819900422 -285.7078944074747 -192.80639176870824 -174.42532556343087 -111.96452710125396 85.90005429177172 -225.04858316319715 263.1704886265768 288.78831654890394 15.587899190422057 609.0436856000057 286.16165773762776 131.30126227049388 118.55347589985496 688.5327376997992 -152.60315286035373 1969.0528213849952 1146.084946985362 -2492.3399315561883 
49.33115237580718 81.51777594438963 -114.74376368066658 -8.734684218551749 -28.02554217460973 28.8839455941754 -260.3427281272567 -30.8645305706063 316.67095594482674 46.075547920537176 120.71320445975807 40.56409529244161 547.8202610784488 347.8759468017754 293.2181004557535 0.10686485640643628 39.56530267535274 367.8250390623563 -45.938378979077115 666.0813515886646 805.3766933055542 -3396.1169387946634 
115.92717671911987 447.0173476850274 146.0684300063038 50.43457989916044 -417.5031287003596 20.26388442574784 -229.82039503943457 -84.12990671135277 219.52555627561426 -59.38834625258831 250.68293302693104 216.1031415552306 718.6683020812732 356.27097526136583 359.59661963553896 23.653646150429825 -24.170278434451856 1088.4225789246143 516.7446149342875 1475.0398778232814 555.9778519681602 -2684.98895796943 
-39.649620334410216 366.29182002780306 -101.34984130626539 69.66629967490563 -247.53115888231258 -286.6660342459829 -35.105375163366645 61.801959647224315 28.388212471031295 -138.78352154543836 527.0174687325564 49.331206268476954 514.2401230445336 875.4527199776244 653.6145242761198 648.4624408473989 112.08868729468219 682.3828563523758 -155.52829378475911 1602.5779170912547 1179.2009571501585 -3517.5672393315017 
-11.07108398632479 286.45471234952004 -11.69313231837065 -0.09331048810369769 -454.910139616948 -17.005664835956708 -174.84084811890503 175.99228482410325 363.83420719394974 -32.18580945289297 131.48538997538645 311.59888674629576 467.7967334084086 -35.656751447421684 260.7612667471461 196.2514359528763 -467.75089376882624 823.2269791247084 329.93083798070325 1067.8282889309344 453.66773231327284 -2547.6768309566764 
-177.6053321278303 439.9873143446906 -84.29816905013053 -19.506394786253146 -349.5632606932746 -159.06179022510997 -44.776532134461796 -35.30336946761042 85.44586448589659 239.66566343266908 451.61343681221604 66.71042309277358 119.92856008900797 656.9665901736093 723.2759151811694 610.0516502519409 345.3144568300878 1120.928345392076 577.8800467875234 958.0522626409017 957.5305625976106 -2564.4018081802833 
-84.01844678006151 292.4370093235259 24.056024322711725 -17.22224428830379 -198.6391583713735 -136.59968292324956 -218.34544021253305 -116.32651763318715 179.4971270463714 -25.895297785383832 75.43995952809512 1.0315902920639655 308.9629486516389 264.8521744019296 243.15154384513863 42.600073177121196 85.98462957323916 777.0425756131573 -493.6866778486431 743.282611718716 841.8472578899593 -2678.452411438165 
-115.03800236630286 409.2164039643807 -122.96784835427255 90.93065985986699 -296.36170544273205 30.93062224967172 -351.6121809343511 112.43247079598443 165.5208315581061 48.98721135060642 312.4398305489824 151.40605680393395 320.663656818037 409.49215696694705 918.695943583804 -183.5412805972922 -12.185974677266323 805.9909868037277 129.1310437202912 1191.8159080283435 2001.7716578348795 -3708.1965748594102 
136.266120609211 337.4490290754723 28.004677127086808 -118.77152558285479 -401.16787935448673 36.157963881033915 -200.90568505952933 130.35992186009253 538.0752660720419 -62.75269573225399 205.9335901271678 287.4499166100342 427.0200831472997 120.62695022900571 444.3097783598898 -88.2569294688606 420.4253807776849 469.23266098440683 44.326028929438635 1268.1369499677378 361.73613217574757 -1527.0762368719263 
-355.58138518090124 460.6607586097608 -108.14412142699132 -231.31273384152905 -311.29812778283554 -245.60335115108435 42.696584264623695 94.3854099017709 -85.27197980660603 -79.1209575557209 275.6766582965903 111.51341228255423 305.944361391829 474.9423626271033 755.8289347383866 351.70408372529863 253.82380057859342 1171.588606427482 -272.0894903155625 1176.1758461501518 1482.05938888859 -2901.4409661697073 
74.96927884137007 330.80748574246167 -27.249971672430082 -264.4674718900607 -312.8204373498276 -239.1526862341884 -35.28159550388801 -170.66286898560816 -79.4620263066218 -34.198631293966706 91.70390865345627 -72.75749805985824 254.9605532022769 714.9603849848093 852.3044715777734 282.66596396036937 -61.91513003701438 750.5158215236117 42.2101864175033 1711.088663315984 1465.540096743724 -3251.795490953024 
56.76808116806464 482.5900921735978 -139.3109969678129 -266.2787517089244 -136.9180369011385 19.76462133334872 -334.42040027051536 20.22140240927452 87.20682536085704 120.49303227966888 302.97679971842075 386.3337403294803 517.9574023299481 134.70403993344596 -8.197955520219383 353.1458081459272 203.10413063144946 585.5880463896644 57.81522323059427 1358.9921485742664 1412.703835997963 -3822.390552405073 
-12.311925465664842 530.4000711907685 41.47408941336108 62.88526161494878 -214.28209958061038 -122.89330084064726 3.5668498186824675 -185.4481979664336 107.7781924726611 11.3259900786116 440.0886814436212 194.5743310889925 755.1726589779686 379.99604113899454 103.70339297476643 -85.65319541295686 -64.78292835068872 1134.2178784209793 506.17198187178735 1838.275447292383 690.3013970328655 -2317.961725818179 
97.12604962742778 464.4672912461203 18.813351072557563 -65.44016088320944 -130.94093287534253 -54.33311003262064 -258.6760285934249 9.17406552262711 252.87814195621243 -87.66434955664572 474.7070277975106 363.18102707021154 406.59044824722946 345.67639043058404 229.3897044202321 259.9143827322382 -243.4277845807124 470.3783574632652 -285.6020340381966 1560.5538997323622 633.4454444702463 -2403.705650886381 
-90.14483889153814 471.4674056846843 -55.46452911254982 -126.466662898662 -392.3559244763132 -195.5470446613667 -88.49795777578531 -182.15051950149893 344.17591221145966 -516.4606667051926 391.7433454369017 424.84595928126754 152.60265699848364 39.967126259575316 303.2911871170357 299.8729817974247 376.7368758253458 922.247287676607 543.1690729096757 1717.5445831705258 1062.8818752008501 -2981.0879840316466 
44.7895029998966 632.4305027592422 -23.550723818348786 -176.48649642149695 -132.3333631802863 -50.00501057518529 -261.9527563593438 9.847882530755449 62.242094320006146 320.5904458798482 316.3440104602756 426.83839607464415 209.30137517529133 340.7022602269208 344.5733236522822 391.6626348336944 -90.55239813165305 1105.3673978389043 430.17774258706515 1152.7174374775848 820.4440952124554 -2177.784999878461 
103.55935390535839 465.0300486542958 -112.79576592359645 -63.86619679174258 -127.20256134894406 -26.893934898453494 -208.30348103524426 4.615459876003717 99.78335315851578 -0.4813391022357867 418.07444569743996 -168.76442152020303 344.20012170891454 320.71862251417616 130.22944001733237 176.32160416699753 329.31077578366876 857.973163499749 -713.2733673716516 1273.9155717065726 990.9141865489886 -2538.5103096699613 
-83.60608522314656 467.19459149206926 -115.09129057390257 -61.222255016119234 -255.179504444664 -110.28811788655698 8.450638624304645 -18.379966198844922 75.09277766500824 119.96848173668093 561.0085649118412 192.05583213611223 276.5913997855385 58.59683560478941 429.1490972733128 -112.19814245567456 1.951791911375576 497.66600694961693 7.096341511319592 1330.2984223845995 1013.9620074110746 -2015.1703575459874 
49.75090343052554 341.0652906689211 -200.06096554607376 -309.1491628032856 -125.30677421692121 -206.21948406681992 49.67680362216737 26.076732606802267 159.87722719724593 89.43948060842631 230.9092048256241 8.655818159786282 520.453926090068 236.67172525688775 733.4347855753729 169.15653739735004 721.5159713839581 727.6030270677747 -120.46114996345611 2027.330912774519 822.1375759869502 -1799.0800556567635 
141.59031735788278 215.67757771512495 -189.6941828451309 -57.842960461145076 -206.139529870371 23.122304527690112 -81.52548265631461 131.1556801222228 -181.39240778341255 187.26408086839697 230.75915648948953 583.3672122977779 384.738526789204 109.45829776110494 454.81004444069066 604.0083697131092 -246.12020844852344 1439.0136884138326 -458.6464161928446 1441.6867731352465 1024.3929170407848 -2459.9949875470716 
127.94905532135246 450.3200325759179 -20.9409033293949 -135.69173512041377 -290.2222006318639 -144.14738643222893 -8.384281829420129 -136.14636945637275 100.23915499189866 112.26031342021558 294.47115959958614 229.38862556818563 230.49293196121977 367.6970741723809 409.7490566919502 219.45945811959874 -446.3533084159812 712.1284731689315 -144.52988757927233 1988.0984102513987 919.3516375223385 -2513.3812315403484 
-220.00902577161648 155.7268592553308 -150.41119730102943 -198.85744581424723 -433.98348121608143 -181.0941778796828 -115.61343572710285 -77.45038094294009 30.18194816439319 202.5932745888854 422.2117199364374 422.37743506172137 438.7403895849109 126.02466675173328 190.36524060184095 622.1843080180134 409.6492125957569 289.5209740780443 12.240297700244247 1452.8778607768122 1363.7148789370303 -3709.624464886614 
-142.23831275110814 164.21312033908686 -94.75685366143873 -222.34003586376465 -467.85835567145455 -153.44344542221964 -313.37794775242537 -205.7730328118077 59.484288304175664 268.8455993565695 380.36561438011495 15.153456444406554 600.7803372433362 189.6012697533191 71.80137790067347 170.19656035905683 -65.96169481155366 1287.9852755473585 580.9642830406129 2043.4303294984668 764.8866762623177 -2347.7639499848574 
-115.80817333420119 317.8547310508805 67.2900795893031 -75.16496401051491 -274.9972600409697 -152.27815049501478 -287.92267597847484 -87.7906732521196 215.1291274385222 44.01438045823243 625.072661829391 253.47452459521028 510.8650287905074 251.64038008964144 275.22269721218254 578.0809464342966 -146.4736735013351 429.2790928222704 -22.733799702419038 1669.1089416883704 568.1749674477145 -2429.9666967601024 
-115.69888358079122 336.48522513880357 -149.6006167792985 43.62636205359408 -441.73300372956817 -57.19300831395607 -248.95406373034447 -129.30744531375228 -47.8481206380234 -81.04754427491503 426.5872954403432 -49.34354589908107 350.82055890017756 -195.73859906711144 446.28760028173826 805.6249720857537 -141.981423737216 930.8336764174055 558.0130105620392 1909.7599046221503 931.0980183586696 -3020.140787906839 
69.04381263685369 291.66885396524145 -22.39474230085127 52.754992395970184 -335.8306258148496 52.200942316423344 -95.84839383687434 -110.17314642661589 284.05756618794913 534.6949147779242 382.0379352553523 -22.467496578876712 -158.46672920443052 587.5714049600364 347.3335558351849 904.9532131973426 241.05052833331175 1141.0412138024426 615.8411561916114 1093.9023588791172 1057.4578995025477 -2214.3766147448423 
20.470070326859812 204.63640874893758 -126.37870869531757 -31.313497462893682 -370.7343882777205 -86.15376472452006 -314.2814981226811 -64.53787872888836 159.57704835654707 43.861430805044684 474.8983163660165 20.742909101407218 145.17487274131528 245.4947228433543 236.53272008629276 225.40965056977205 260.7093351586866 782.8233380291458 -762.5969604188948 1478.8728952213714 938.4327804921257 -2427.8535887032663 
-134.5212611718089 337.6347363704233 -211.42987095247335 -118.54863735175029 -263.6090790724315 -202.69927461271268 -56.474407506525885 -41.77221652325878 33.37858934052442 118.90326195303054 536.8713151357774 96.27767754103931 229.8176244887673 2.2067474807263503 444.08253892731636 -159.77419439733248 80.67556974374793 421.0334225370896 16.153064640708692 1277.9963911266152 990.8139198987541 -2068.5092547539457 
-134.50481552965854 326.1679855319572 -165.92584940922086 -237.0925354205152 -314.0279359839189 -191.02838497091508 -180.46115637382766 -129.46511715641174 156.76282932910516 177.5086265506233 272.2614806667682 144.6815754660536 471.6048776971877 27.52564023660918 782.0963689014563 274.5174256365759 646.2916981220517 581.1761941783383 -69.29131308275032 2192.7175662012723 740.9365031875005 -1967.2301342032147 
-49.36755374910058 207.73060345541856 237.6626787147293 55.611758813143105 -330.48741932276266 -288.9143411344638 -53.4248979058942 -394.32532977468105 316.94255904547776 82.32987731178969 658.0084348558044 364.22845675514225 565.5760177631703 7.011160677362906 458.1968983977752 344.47162230242697 -92.82793774413327 1165.6112724133243 -518.295549420578 1449.5601083260533 978.0004159743276 -2558.0353207885064 
-71.30992160594087 150.87078785545552 -13.44093440937364 -126.53117743421568 -420.44630244050546 -88.45778468999262 -357.6473307609432 -173.25230435457536 82.08137058977204 201.74728182053678 407.95453278360014 190.91677953277508 137.09365999325092 202.54893914601666 429.48662038145744 261.0538850238902 -243.71523677371374 448.0153175700902 -79.19888164376533 2051.0497173837352 1032.4793028565014 -2603.632744155387 
-47.49078918873924 141.10761655936818 -226.1688815664552 -7.454201003646366 -159.4616600359962 7.5034971442443235 -163.77518777272758 7.665114782254879 409.0310301547232 89.2933336299495 112.69991684451091 180.91311591488147 547.240463478448 178.43613930975633 200.77083385376736 168.97609972094446 -155.03909656921059 357.0342595277044 -21.15198744222209 515.5833904829012 -150.92338067932272 -3171.4117590416604 
23.634875271852525 393.90980396734045 -220.67402091672898 33.9400766037077 -298.27008934679964 -22.580127571161704 -72.2732914130518 -374.8488322011941 306.9169698922882 -21.460145773248794 53.12994726153525 217.4842965117129 593.557016049508 423.3858399174186 332.3267264742341 107.42468025496878 -178.59527525441052 880.9722802688674 346.05701218652496 1131.0262640095548 -237.23935532484916 -2949.323751335374 
90.76054577547538 276.6641462483576 -173.46265930912747 -9.951831968090955 -303.9274854833658 -301.4490271079026 -125.43006988640494 -176.648725131912 231.205195520323 -90.74317038879845 323.6067847280676 263.1313957025657 475.41923976119955 438.3916154847614 258.43936364417215 491.4318924610381 -321.08044906072513 384.99790668805775 -320.5394967425943 1057.3567922979298 -397.39166171749395 -3214.533391155015 
58.012159495289715 230.76495418831604 -189.1484470919933 12.816808317674207 -348.7897025843355 106.84563089396677 -229.86090426183253 37.43195510401999 361.0723135938001 24.988313673943797 92.9246952734848 269.9812556838924 259.6769775161017 -3.3303180739877902 164.75466862854057 188.07596565883745 -527.8105221592416 594.9067850227689 169.3868868563887 752.7115412586206 -412.08172936389286 -2430.2294266231406 
-148.71435773286237 200.43153674926552 -62.55801053861778 56.43094560550036 -260.1812593149458 -83.60288766840668 -322.8833378185964 -77.93956391508766 485.1302008436616 146.30601383315286 261.2677329429552 400.2094770350319 163.08678815891483 268.106881877391 278.157332711323 74.58903988696446 -377.41391498953647 713.3623300700202 328.46334189721193 564.7841925373845 -158.61763629028997 -3115.8520510774397 
-177.6574028537601 335.4041018929747 -129.94164637079382 -26.605878868329654 -261.8379687267108 -278.6825599237986 -185.71497831117162 -204.17910542704024 245.9935509479668 -24.869036419041347 -22.496912071467516 101.05901468086427 380.5952602988529 221.4711657188164 55.79621926315193 197.1455427659748 -170.22861969255015 770.1395234166619 -662.5930111952866 721.8601473544347 -192.09591779945313 -3050.0304863310093 
138.96356858150895 556.1794802539829 -75.07172426800116 5.126325279003893 -513.9361371333355 -97.80274792731662 -340.155006162086 206.6344195510252 30.812127338369905 107.22848829110231 402.8768736382607 131.80163807923697 187.04161629438627 236.73823536162357 530.289778448873 -9.757197867927452 -176.95670796198286 798.6145434241356 116.72433366330473 1065.8341216710098 51.31614990393641 -3804.565032601093 
-15.909760949164049 189.3322239566431 -266.23702949298195 -145.46907210403498 -302.4711403087346 63.74775715199411 -64.6926986075558 -71.07595013903237 589.9637126348568 -76.74556322156548 -5.51783166005673 302.9142658387651 387.74419912825743 99.63638039241411 327.2258341613263 121.39581993943627 128.7301659021218 201.9967211883344 -112.50922148886382 886.1614944523486 -379.9737491903253 -1378.3748475388463 
52.681042881075584 343.04753822987954 162.440824393207 -74.20834203980853 -756.5094284528781 -316.1056617315263 -158.53710299562775 473.0486169759911 -174.63860727351891 55.834138348589164 158.18932585451395 387.16231767848797 464.0779862027456 66.24754976502516 295.6201525913367 419.89724519964267 -297.7960058449359 1101.4484005235065 -361.1027589696864 1020.3100860841718 -48.749659971395474 -3160.463325333362 
184.47079933468137 271.310404064985 -268.8459216955657 -138.09346307725693 -350.8949042662683 -198.6022918071982 -73.8153957188181 -307.8641802398025 332.89398026753526 23.28635260258148 -69.40969976593142 185.01655061680677 290.8460027339683 332.7544782247681 260.66634626428163 220.89142209065525 -615.985260539291 501.21817731759216 -211.37288586860655 1104.1538113334339 -630.2264010324551 -3119.883891076499 
-177.02346367696973 554.0195502869968 -173.2813369257558 -91.84550188235528 -408.15658976012105 -99.83870267599096 235.11942158329623 -63.938534219475336 -2.127431942356915 189.18137235470405 201.06178948740757 317.7153269905751 448.18637759127915 281.9301577799227 34.87539538924874 480.08593989458967 363.9993141565217 541.4328231014458 324.62055857687756 1392.8061622975185 1455.2191597398212 -4058.387278840885 
-69.01717368664605 336.2758979128797 -134.49742550514782 3.7037711408354643 -419.8683972190411 -200.76872722326823 -217.46527649025694 -50.28004643043782 63.03994152724033 99.99685926186343 292.86590631787254 145.6075233166394 682.8064950693965 543.5874783750036 -101.26087186181944 148.41102880993571 -94.79147717420305 1376.3014228822276 676.9423997599563 1908.349455036918 790.1737732773621 -2325.5829024863465 
-100.31049087359114 418.5102485165304 6.8819078525285615 -1.6765829412188955 -153.0039093733982 -110.0181987605518 -287.97277452223454 14.397491655979485 112.99571575324194 -149.1703169002493 493.38579820924184 373.8709493186942 518.7327756017203 507.5726108448848 279.9940633969291 472.0999732478882 35.400793384914685 440.0300498265559 -150.28606949132862 1692.3871969419522 604.1225206140427 -2469.7212414916476 
-47.42190672592196 472.1350161659467 -120.4267547931426 -11.62862106833595 -356.24437537238646 19.011351718551385 -119.83348178940949 -179.10354545352538 -28.577534423269597 -279.4586420209874 316.68937514529233 105.23928842766436 226.97392455965874 18.02291563091978 445.1978484529176 579.1723587984624 -96.98668673101429 883.8013853580569 529.126660595156 2003.3193199668317 974.960315740204 -3154.1676977761967 
-62.791141972576085 406.0707722366296 -102.29553908438905 -5.254832987606159 -256.9719826700837 -210.06543585276046 -374.38811253283194 -38.865142541399194 130.5002870905966 237.5597751578881 174.0108555380024 452.4475698905478 46.008005283370956 481.7301252403432 333.796454691911 433.82242476508003 243.9012113377838 1081.6705456360746 625.6915532327115 1170.5755011866097 942.6774646879293 -2280.9631128493156 
55.21086304823661 423.18651520505017 -135.69591480410082 -5.377745300501246 -332.9490755885889 -94.73709085265695 -277.11834862120753 -33.26798112732207 151.82946026560302 -39.894361354628835 412.89581021732545 -99.86620535336296 151.60762808086076 358.50452240364297 123.50586651625592 57.49374489655934 288.81334064325495 866.3191288828551 -736.9813313549218 1322.3103903409783 947.9860928999653 -2611.8484080995354 
-137.63326456301854 392.51904536506964 -199.30009317939366 -48.830042395113296 -309.31882620444844 -116.7629762807278 30.189556387355537 -30.76553230265969 55.89549726828799 96.34969003933605 475.01512298263407 187.61016789136184 168.45241988690591 140.120701256864 410.50698082093066 -169.80005387345867 41.73728257522946 448.5994985160379 60.227863773799115 1372.9448292000418 1003.2047063435352 -2096.2850287986685 
-98.54804538629838 421.0159095405387 100.3102413956909 59.25479264427647 -415.0498931383057 8.305012349546603 -222.01912574621429 88.75523021298979 274.4519615205602 106.6566541665024 54.63941443111359 421.9000792808107 580.9761953025162 201.45680681509745 579.2828399849564 425.9370935888073 307.23663113137417 651.9933335197445 16.92067766318911 2103.748794847766 567.105939542075 -1911.5138646884643 
-224.39920427615866 357.20047641296486 -216.55542697542896 253.38768495965462 -406.78698569715806 -220.92395675816562 -66.51673698123793 2.0425590266017233 -20.462788734156845 -74.2241245357525 224.56352205209683 517.7024128502912 330.17212812168884 434.4618818688996 367.971962856735 383.1572984111379 174.2923376942558 1171.539402243503 -362.32144589626955 1576.2178525817048 1047.4922415588167 -2640.620112690844 
-39.5305788939801 283.9708391311497 -1.7867947503299384 -69.57271741816265 -407.41137475982697 8.954020450437326 -70.0387149688184 -93.75802106222717 189.55255951137173 69.65470850995436 43.50202737557068 360.1739683668936 5.247902365479874 370.947185569225 331.4689576159099 46.19186247108734 -512.7546003034652 540.8026610172702 -164.51198967024757 2021.4783174018569 1046.3672905289598 -2682.9145985273744 
-14.182800865307563 471.946858688141 -7.856440777532134 9.340048167232567 -361.15911630188697 -28.167085466905945 32.41884112248044 -30.997206827465444 101.09670060209608 245.79775493755747 276.1985675826559 212.9838465667563 460.37921724924746 187.154744690778 17.15492672397884 153.84541649381515 210.96219894085075 309.7416180257221 155.58738178146393 1496.5603781703658 1487.8846780813537 -4096.950713384791 
29.068980296435075 252.4077081889743 -71.37887215668877 32.218982079937675 -391.8931483130938 -156.0767156945818 -231.8361737223833 -38.32400435357259 56.605531525555634 34.76019922315087 267.2964526368841 261.9001227025978 646.7346992140626 443.47496981217006 -94.12939644935727 19.815302242827048 -141.17051061358734 1288.2260348023142 527.1990716771707 1985.5784779919156 735.2604081693229 -2353.2638153007583 
-43.26104550118842 394.647255338495 8.443453462104777 50.19216423268862 -176.06004217572632 -119.2933057378274 -293.1640230184392 27.46940993475654 141.06794973066476 -133.86554468524167 476.74101064603894 400.94078437888936 485.36057525227767 483.6222468733056 252.78725237015598 400.19918860380346 22.54780729819516 453.062888206282 -227.11109302441213 1690.084155592391 599.102909162456 -2458.971240065396 
-103.01337903183986 474.7821278758142 -109.0793953976184 -21.783076321892615 -374.1833304592435 63.79270747806676 -95.29757761466638 -168.93385496437534 -9.57974386464789 -277.0122008741161 301.9510833351612 13.836915259265822 265.4523971964145 20.943653792769226 431.9979944616567 659.5795333340752 -108.72259800439994 914.247815490128 601.4572218505026 1988.5723615135364 967.0480008308404 -3147.721162926186 
15.045142297144585 332.8236546421478 -106.4494820099865 31.691316240945653 -243.3267422989316 -314.0488825306831 -277.43674692633033 -104.07563765023785 9.397156260650146 284.02733715303344 138.5075874539423 386.13200545105786 -100.82341134314308 528.0058239994436 338.51049651774355 527.1246592119735 314.3036746271552 1071.3008020473333 649.6796749992656 1038.4966523895632 977.9300513923133 -2151.8733389754375 
74.99642429922761 416.49199477961304 -104.5154881653618 18.394378945935458 -340.5732115492941 -108.3944266971855 -288.4745383677795 -70.22503058972188 126.75882875966657 -40.43781775345147 376.83923981711814 -74.24423744573211 120.7264374321597 365.9068749773449 142.59791863673695 116.65498698179421 313.91370097806606 886.8809644357807 -746.6900499001557 1373.4187666045236 977.3826773762928 -2556.20654631974 
-109.27975995705873 383.45931560249187 -164.77345363939318 -8.278016459976227 -313.17504640768857 -121.5133619230145 51.93114866427127 -26.74373288127719 77.30622180046065 88.410672308433 480.21145278871927 188.99537433514539 187.14549060099483 124.46129512874674 395.5575529181435 -180.3029766255435 17.166152501795175 465.5830501357138 62.436456312459576 1369.2254067309 984.1296451178702 -2094.9988427475464 
-48.05144654813906 374.2054217271319 130.7047572870723 89.77207302580534 -429.0680499719503 7.11186935095118 -209.59975443404528 85.15667087290716 311.1882213613704 123.4403084915709 33.368720730983526 439.05509422584936 581.8792319661659 152.061880894911 520.1623591696958 405.7590511087782 225.12640077856528 683.5855530606046 -2.193666237002258 2107.1388306633175 523.1570975185386 -1922.3265600693012 
141.59031735788278 215.67757771512495 -189.6941828451309 -57.842960461145076 -206.139529870371 23.122304527690112 -81.52548265631461 131.1556801222228 -181.39240778341255 187.26408086839697 230.75915648948953 583.3672122977779 384.738526789204 109.45829776110494 454.81004444069066 604.0083697131092 -246.12020844852344 1439.0136884138326 -458.6464161928446 1441.6867731352465 1024.3929170407848 -2459.9949875470716 
-39.5305788939801 283.9708391311497 -1.7867947503299384 -69.57271741816265 -407.41137475982697 8.954020450437326 -70.0387149688184 -93.75802106222717 189.55255951137173 69.65470850995436 43.50202737557068 360.1739683668936 5.247902365479874 370.947185569225 331.4689576159099 46.19186247108734 -512.7546003034652 540.8026610172702 -164.51198967024757 2021.4783174018569 1046.3672905289598 -2682.9145985273744 
-76.02114897135672 204.08643713505967 -24.540167960904043 -165.4105794988244 -83.01587918003148 -173.10422428661286 -51.60391271726782 -32.82548340004098 -99.25481025742575 29.303154450742486 142.55706953648306 -75.70088990489155 343.4332340889015 377.91724679287256 275.126448244434 324.7096233364771 249.6636782732582 399.98691399897666 222.32169048976476 594.502151074203 1937.6768054063589 -1413.5171969350793 
-148.8374769052236 481.82656388468075 9.136339028650578 -269.55185618327937 -613.4359162928217 -123.63525949679727 -157.8317763557664 -181.80473942180805 356.181807565275 -9.67634680274678 360.22546934540986 180.70625156914068 822.705366511147 470.87803795139814 180.33869539437364 449.38356548731616 -124.52158836685669 1049.876213422559 595.6073037042959 1336.396305390995 1488.645288998634 -1494.3177528020524 
-98.93143496752378 408.533360911547 -219.36541657897334 -231.42484163782376 -430.0567305850588 -320.38922438757515 -60.67193529831469 -92.21343181986657 211.82515617582172 -66.48380057960324 499.5964835423913 139.30903656874565 568.2822138820707 684.7597055079378 477.78580947005844 591.6217336750394 39.53505013608759 507.4231926058441 -29.25716813735302 1248.8812641935383 1751.6664728781145 -1867.635382543733 
11.651472320030177 75.6717619707075 77.7943247555164 -8.906703779206323 -244.51154925391475 -65.41815316279273 -14.096166465511132 18.5474377881543 -187.32567181351965 -107.13075451160654 2.0197272956428893 -139.81897487414872 142.22770984505914 149.70927304551387 325.51791750589507 426.46074797215607 51.825092095338434 479.82179217469417 438.3066483243589 599.4956346531884 1509.562202197554 -1055.182557104216 
-37.157606556373125 236.38362578553597 20.42610905511823 -78.82037519472898 -184.29053106820817 -311.2819277594519 -167.6588216909 -70.1740774680779 -138.47673661287004 22.479540824611803 126.025765427642 24.450170308471158 110.66614644882638 349.40331544231657 280.4585557488873 375.132762253313 181.0975056566602 573.4603515998635 409.7121788015619 581.5292125995624 1604.1469761906312 -1052.6468872907326 
39.54683380031747 369.2943415134213 -54.286952810066985 43.55784072306387 -237.8486126688484 -101.58544779327025 -180.056902186732 -80.60383385750038 -7.534030887910091 45.04734782992327 184.41388795317746 -74.32013219754047 184.26581810829828 264.075142404939 248.410511098629 175.46212026493743 183.99000724053408 524.1094970905904 -252.07176391371306 587.8470579196483 1653.995839190508 -1017.7805493937315 
-211.62759315698383 614.3022828778045 -445.58705792021226 -46.48499350754426 -427.60668622171966 -98.9666592830773 -371.29605708778325 -94.42965981851992 445.3574253186831 98.91458929430132 374.8928922824064 332.28572018472164 519.2737872925966 400.49764788843635 631.8527650868481 282.46892311407436 -142.92733975155824 781.0671702087521 79.75844860837546 1043.385172393883 2377.4021332405873 -1815.4337031602554 
152.8240571983317 361.8065523046937 154.72837739307812 7.449536885746041 -245.91043025334415 -261.2119826305973 -95.90339939028848 161.144799095915 -16.371680612205243 39.29928433870947 148.06467912118077 173.08132831941015 293.4950512228838 164.72088256644798 383.4543749454561 79.38104890498627 466.7086587235276 371.2048925385677 52.573836695107076 992.3296559327173 1012.7712767820422 -603.553277332999 
92.2390070576187 365.68420502419724 -218.95610568864646 -35.00596110084868 -724.6919248313911 67.32305583021397 -156.94946531037914 157.4833233467768 302.1119375121747 179.75583434353607 252.20587235498445 377.45109886116427 545.3230403294416 181.87099839958296 208.16184940519312 658.1855669999684 -431.52369204524064 1186.7733417278757 -136.65287387481519 954.3419618428748 1537.0290004607925 -1453.8242525074588 
49.694615028921156 350.7785032899403 -141.69592195361778 -18.00992060578708 -340.1429389725243 -226.83124844036467 -147.13284712525743 -142.56096714012898 109.72613358489158 67.81531016316613 -58.70712665491577 196.7955877264686 193.58765093184866 485.77166468879506 435.94613618463103 299.32367836512765 -380.24102340435195 542.2198613877462 -61.66122840809471 1126.074156749272 2093.962773435547 -1581.3366231549346 
-157.58678554379313 475.82990894950257 -77.43974424193519 -103.34361903796714 -260.70185618826605 -84.76769870391 86.67300681964882 -39.149527130052434 -132.84553051833512 27.51773857221302 -0.7065407618062736 240.84923733413677 293.97481006063504 453.4565002756592 29.409447577703137 332.58761409249547 480.25523662933745 423.2359558262394 71.96750352441597 1467.4295309968886 1512.2360614156964 -3863.6869743749435 
3.070846145488005 484.94434713210694 -36.4693294457922 4.36418321448568 -334.3258829787231 -65.85343667029669 -150.5798814743504 -247.57387764223753 53.14161928584562 0.14340102655186238 270.3315341881542 283.4932594373387 649.9831356554432 477.4829541609742 23.796185279201858 -17.958332724263727 18.58632543879403 1170.2795394613522 506.35394251707544 1983.434324003412 789.5934122227243 -2361.666077357096 
-99.01634015986042 453.6485142963068 88.91927426178643 -143.39225827112415 -376.4499105293699 -163.02707228326295 -122.05374114336406 -55.635561479150276 235.0262775014349 26.192968976822655 536.845901008216 125.51862348785545 433.03832301386313 308.2584584653952 142.6909060387683 404.3532063461104 -242.83684776469258 572.1215044605641 93.19597038570083 1792.1523789209834 643.8316133678646 -2512.024672463441 
-64.32790075048129 389.1373484853398 -83.2194805454363 13.422812897042334 -282.82546757677494 52.64370620815324 -160.40302890833286 -133.96621186173743 29.79203856670858 -210.65905791786625 321.0720824480628 295.2407388894449 328.04261996278603 -24.671028642640856 359.5537383508907 605.4364415792411 45.06655098974677 683.2968769850551 479.18295445412315 1874.9649617093291 981.4167521107275 -3139.3859344527436 
42.43695211188476 336.003058930226 -100.43847633349463 64.33915290154044 -227.94755547454832 -344.8802966759605 -288.3701667062333 -84.9466570884023 4.278056991587008 277.7177773025607 133.00069502794568 455.5014115781786 -85.04163865082802 496.79497550240444 349.31147154126427 439.27164049915416 347.1698193355992 1035.1119946655806 585.0896713576482 1040.0269140650184 964.2689519967706 -2154.649352930127 
-18.380555935552714 250.42195907297796 -98.08650223154376 11.147358964460409 -301.0127113163099 -30.918072661876394 -147.81002868739512 -77.45419460522001 313.33441823780186 -80.30480551373023 106.03002102181333 6.026352755289326 167.27287081381115 250.402555483494 118.49936081366329 125.9814361008254 88.2094175721181 849.0162223452386 -768.8709439586137 1383.4552141901818 824.5310330638601 -2491.614370028701 
-127.21740960955735 414.31695422320416 -164.9508315072752 -69.15134064597203 -274.22418993282065 -53.019677235888615 -100.99303395159777 -74.81832949788856 91.86583737243822 110.27342778016754 420.466152075241 256.65836741068733 224.7079056813376 88.52128565843611 392.65580322796063 -29.085649873409267 12.582106204869458 493.63032867075844 75.12093387302247 1398.9269737688774 966.7429978486124 -2017.309288172857 
-36.60435413545669 304.6700817391153 -266.3506937825241 -110.51380288589502 -297.7051809957871 -216.83299186194057 -204.08178607192752 -0.4576310210504406 110.05525504571567 121.37624170948803 125.44981877531781 215.90087399624977 331.3077854137745 305.71484981162865 670.2481306815124 290.4812255825584 725.7153781392662 722.2937907444098 -90.10569175068741 2125.3821421507414 820.445502500865 -1781.1916118571082 
-37.60700669053199 115.19871212670841 173.57267171239016 -55.33604353734883 -203.92338398514408 38.59651918842127 21.193609307100274 -307.0836182562775 545.4322570937161 -74.06004979454022 424.3765927673095 489.95585857443245 271.87622857246396 46.912804932735774 329.34801541964015 205.12208547747332 -221.01836608683607 1117.658032044431 -640.0954477443632 1218.9861365322165 1032.9898348292538 -2714.1794828002685 
-185.99025477619034 170.39276430837648 -85.15337378854711 56.70664491860865 -30.06137702471706 79.76229803835453 -94.25912151112739 30.42341940959029 333.73247821239096 47.18674734631403 -183.20525337386113 445.75198712158584 242.77109056400485 355.33258484965984 145.86680492141468 387.98611557741094 -558.2918994505134 595.0475188535299 -132.74064923764942 1885.888301279972 744.5035619667374 -2541.948708214589 
86.61445252608749 170.45003026520283 -101.06030056394005 -276.64839461926124 -594.1454285453847 -169.66678114965598 -120.90498645694313 162.71797731629582 288.3899757945252 -183.09998224067482 480.9972175385832 382.3519658881963 158.32695779621562 291.82761904536113 -141.11447328742668 89.25163515107648 335.39646168554094 549.4241298788677 50.26526720238722 1479.2223281289941 1323.306292841822 -3792.9315957947583 
-128.89465679345918 204.29048699439508 -174.57034099667734 -157.10358935050908 -323.9009987788005 -176.87893233366327 -311.10987969750727 192.92348421995516 142.37336010704158 110.65518456796997 312.50524452352175 -43.0162504254485 520.31285506689 502.37218243201403 -116.42738077022506 316.2194462188527 -219.98820716448864 1477.5837318291935 662.2465543916848 1955.6764407461517 789.0061003907235 -2376.57158159783 
-126.5443512880591 448.39729971351665 3.186966689225331 -113.72994269476109 -370.7424770598353 -93.09335059902256 -14.096387655550732 2.3311777702395418 288.2182926750267 104.95791949470205 532.2527653495647 -117.43074598150712 424.90423632816186 412.3328171052298 137.0119914667941 713.2149370247507 -288.0392115610633 809.7928861154671 164.69171001575552 1769.853721149635 679.0271831414167 -2529.2097131782375 
-39.52112497729763 454.22385166742527 -186.31866394332957 -22.016034431593415 -261.6896574161084 -142.3180764119607 -167.7035095539078 101.40201950694701 83.40806206207643 -252.2204057471348 235.9029764223709 32.17495425006355 239.13540016734976 -61.05980164413666 356.9626418238019 651.7503227639543 -255.71868378847788 1035.8286195893706 487.9701597366675 1937.6599272609517 891.2466030347862 -3080.942176910055 
-111.23633440028917 465.69410855512405 21.17768111051932 -21.235234960099003 -367.4557863969957 106.48713038239887 -65.95287835410164 21.425945950416505 359.297199265073 382.4499635980918 335.54144230776694 8.845043558684766 -1.7436745399163058 569.7678387914383 243.9736946920248 675.6577297986238 96.89563715716763 1220.5238513487823 722.3550038003023 1236.0818437671207 918.9066776963622 -2393.465194294487 
42.43724851785444 474.6031574174564 -143.76615706165936 -88.45909993519484 -360.9145591525477 -127.18705250205662 -262.5373606185689 73.09535405135695 251.41559127811672 -39.17797853138047 386.77909194094923 -45.97346236647088 163.43077672314394 299.56621541194926 164.0995376391317 147.77906141583486 229.47860228765018 912.5441692071148 -679.4036717347592 1432.2437555724414 958.3201318179887 -2558.9851513946405 
-179.31637586664175 339.434432606675 -198.38935428047327 -33.62409294412316 -216.6919010703618 -94.12110437004085 7.771788908927847 41.68636007492399 113.74329891884726 54.91915285678648 445.3884216521721 39.926468465537454 121.19179575261133 143.04122954119515 368.6299675419467 -347.5519076866606 25.663623384564314 405.70420851528223 29.276949533358138 1265.641624643918 1063.2347722666912 -2199.364387948589 
-123.24851953538526 368.8465068416955 -175.30898509141187 -101.98098004495596 -477.56218024715963 -146.4277799468917 -183.8670266293173 -9.816673816016126 258.0963460619702 169.3335639440185 145.50646246245776 211.17524286539674 379.40457212439867 236.39546014695415 549.6875869988132 427.5927404936178 437.01363791863207 834.4958742010093 -7.264440201021909 2134.0796678951538 681.3126002960507 -1780.8508807271344 
24.192191741370124 517.149727718542 -105.8107482869489 -283.9268504377767 -239.88378426073388 -293.3843467063784 -54.8125186589325 -11.047072648694627 158.49492809708224 120.60216855210747 406.2149013266359 332.3503897351526 452.9495659726317 121.17129161059651 457.2537003992228 342.8171438232006 -381.1453283138949 1373.8213546086924 -252.63821889160542 1651.2586058256945 1090.3242197586608 -2687.0741157067564 
-312.96032154667756 96.71947404985502 64.23505176300368 -1.4111867752771758 -160.83925779744297 -164.55509177106532 -58.62431828050269 212.4556788224213 533.2803036095763 139.28261028889222 -257.1879328086556 91.9639959715088 138.46307029631907 240.7008530525705 30.836460881805944 219.06975959528745 -764.8975776060811 791.6844420718744 -120.89064359816514 1956.629023247535 832.2264969002549 -2704.607774831917 
